{
 "cells": [
  {
   "cell_type": "markdown",
   "id": "22117d9f",
   "metadata": {},
   "source": [
    "# Covid 19 "
   ]
  },
  {
   "cell_type": "code",
   "execution_count": 1,
   "id": "eeabfd22",
   "metadata": {},
   "outputs": [],
   "source": [
    "import numpy as np\n",
    "import pandas as pd\n",
    "import seaborn as sns\n",
    "import matplotlib.pyplot as plt\n",
    "%matplotlib inline\n",
    "import plotly.express as px\n",
    "import datetime\n",
    "import warnings\n",
    "warnings.filterwarnings(\"ignore\")"
   ]
  },
  {
   "cell_type": "code",
   "execution_count": 2,
   "id": "a1af2898",
   "metadata": {},
   "outputs": [],
   "source": [
    "df=pd.read_csv(\"Covid Data.csv\")"
   ]
  },
  {
   "cell_type": "markdown",
   "id": "8452499a",
   "metadata": {},
   "source": [
    "# EDA"
   ]
  },
  {
   "cell_type": "code",
   "execution_count": 3,
   "id": "6eb885cb",
   "metadata": {
    "scrolled": true
   },
   "outputs": [
    {
     "data": {
      "text/html": [
       "<div>\n",
       "<style scoped>\n",
       "    .dataframe tbody tr th:only-of-type {\n",
       "        vertical-align: middle;\n",
       "    }\n",
       "\n",
       "    .dataframe tbody tr th {\n",
       "        vertical-align: top;\n",
       "    }\n",
       "\n",
       "    .dataframe thead th {\n",
       "        text-align: right;\n",
       "    }\n",
       "</style>\n",
       "<table border=\"1\" class=\"dataframe\">\n",
       "  <thead>\n",
       "    <tr style=\"text-align: right;\">\n",
       "      <th></th>\n",
       "      <th>USMER</th>\n",
       "      <th>MEDICAL_UNIT</th>\n",
       "      <th>SEX</th>\n",
       "      <th>PATIENT_TYPE</th>\n",
       "      <th>DATE_DIED</th>\n",
       "      <th>INTUBED</th>\n",
       "      <th>PNEUMONIA</th>\n",
       "      <th>AGE</th>\n",
       "      <th>PREGNANT</th>\n",
       "      <th>DIABETES</th>\n",
       "      <th>...</th>\n",
       "      <th>ASTHMA</th>\n",
       "      <th>INMSUPR</th>\n",
       "      <th>HIPERTENSION</th>\n",
       "      <th>OTHER_DISEASE</th>\n",
       "      <th>CARDIOVASCULAR</th>\n",
       "      <th>OBESITY</th>\n",
       "      <th>RENAL_CHRONIC</th>\n",
       "      <th>TOBACCO</th>\n",
       "      <th>CLASIFFICATION_FINAL</th>\n",
       "      <th>ICU</th>\n",
       "    </tr>\n",
       "  </thead>\n",
       "  <tbody>\n",
       "    <tr>\n",
       "      <th>0</th>\n",
       "      <td>2</td>\n",
       "      <td>1</td>\n",
       "      <td>1</td>\n",
       "      <td>1</td>\n",
       "      <td>03/05/2020</td>\n",
       "      <td>97</td>\n",
       "      <td>1</td>\n",
       "      <td>65</td>\n",
       "      <td>2</td>\n",
       "      <td>2</td>\n",
       "      <td>...</td>\n",
       "      <td>2</td>\n",
       "      <td>2</td>\n",
       "      <td>1</td>\n",
       "      <td>2</td>\n",
       "      <td>2</td>\n",
       "      <td>2</td>\n",
       "      <td>2</td>\n",
       "      <td>2</td>\n",
       "      <td>3</td>\n",
       "      <td>97</td>\n",
       "    </tr>\n",
       "    <tr>\n",
       "      <th>1</th>\n",
       "      <td>2</td>\n",
       "      <td>1</td>\n",
       "      <td>2</td>\n",
       "      <td>1</td>\n",
       "      <td>03/06/2020</td>\n",
       "      <td>97</td>\n",
       "      <td>1</td>\n",
       "      <td>72</td>\n",
       "      <td>97</td>\n",
       "      <td>2</td>\n",
       "      <td>...</td>\n",
       "      <td>2</td>\n",
       "      <td>2</td>\n",
       "      <td>1</td>\n",
       "      <td>2</td>\n",
       "      <td>2</td>\n",
       "      <td>1</td>\n",
       "      <td>1</td>\n",
       "      <td>2</td>\n",
       "      <td>5</td>\n",
       "      <td>97</td>\n",
       "    </tr>\n",
       "    <tr>\n",
       "      <th>2</th>\n",
       "      <td>2</td>\n",
       "      <td>1</td>\n",
       "      <td>2</td>\n",
       "      <td>2</td>\n",
       "      <td>09/06/2020</td>\n",
       "      <td>1</td>\n",
       "      <td>2</td>\n",
       "      <td>55</td>\n",
       "      <td>97</td>\n",
       "      <td>1</td>\n",
       "      <td>...</td>\n",
       "      <td>2</td>\n",
       "      <td>2</td>\n",
       "      <td>2</td>\n",
       "      <td>2</td>\n",
       "      <td>2</td>\n",
       "      <td>2</td>\n",
       "      <td>2</td>\n",
       "      <td>2</td>\n",
       "      <td>3</td>\n",
       "      <td>2</td>\n",
       "    </tr>\n",
       "    <tr>\n",
       "      <th>3</th>\n",
       "      <td>2</td>\n",
       "      <td>1</td>\n",
       "      <td>1</td>\n",
       "      <td>1</td>\n",
       "      <td>12/06/2020</td>\n",
       "      <td>97</td>\n",
       "      <td>2</td>\n",
       "      <td>53</td>\n",
       "      <td>2</td>\n",
       "      <td>2</td>\n",
       "      <td>...</td>\n",
       "      <td>2</td>\n",
       "      <td>2</td>\n",
       "      <td>2</td>\n",
       "      <td>2</td>\n",
       "      <td>2</td>\n",
       "      <td>2</td>\n",
       "      <td>2</td>\n",
       "      <td>2</td>\n",
       "      <td>7</td>\n",
       "      <td>97</td>\n",
       "    </tr>\n",
       "    <tr>\n",
       "      <th>4</th>\n",
       "      <td>2</td>\n",
       "      <td>1</td>\n",
       "      <td>2</td>\n",
       "      <td>1</td>\n",
       "      <td>21/06/2020</td>\n",
       "      <td>97</td>\n",
       "      <td>2</td>\n",
       "      <td>68</td>\n",
       "      <td>97</td>\n",
       "      <td>1</td>\n",
       "      <td>...</td>\n",
       "      <td>2</td>\n",
       "      <td>2</td>\n",
       "      <td>1</td>\n",
       "      <td>2</td>\n",
       "      <td>2</td>\n",
       "      <td>2</td>\n",
       "      <td>2</td>\n",
       "      <td>2</td>\n",
       "      <td>3</td>\n",
       "      <td>97</td>\n",
       "    </tr>\n",
       "  </tbody>\n",
       "</table>\n",
       "<p>5 rows × 21 columns</p>\n",
       "</div>"
      ],
      "text/plain": [
       "   USMER  MEDICAL_UNIT  SEX  PATIENT_TYPE   DATE_DIED  INTUBED  PNEUMONIA  \\\n",
       "0      2             1    1             1  03/05/2020       97          1   \n",
       "1      2             1    2             1  03/06/2020       97          1   \n",
       "2      2             1    2             2  09/06/2020        1          2   \n",
       "3      2             1    1             1  12/06/2020       97          2   \n",
       "4      2             1    2             1  21/06/2020       97          2   \n",
       "\n",
       "   AGE  PREGNANT  DIABETES  ...  ASTHMA  INMSUPR  HIPERTENSION  OTHER_DISEASE  \\\n",
       "0   65         2         2  ...       2        2             1              2   \n",
       "1   72        97         2  ...       2        2             1              2   \n",
       "2   55        97         1  ...       2        2             2              2   \n",
       "3   53         2         2  ...       2        2             2              2   \n",
       "4   68        97         1  ...       2        2             1              2   \n",
       "\n",
       "   CARDIOVASCULAR  OBESITY  RENAL_CHRONIC  TOBACCO  CLASIFFICATION_FINAL  ICU  \n",
       "0               2        2              2        2                     3   97  \n",
       "1               2        1              1        2                     5   97  \n",
       "2               2        2              2        2                     3    2  \n",
       "3               2        2              2        2                     7   97  \n",
       "4               2        2              2        2                     3   97  \n",
       "\n",
       "[5 rows x 21 columns]"
      ]
     },
     "execution_count": 3,
     "metadata": {},
     "output_type": "execute_result"
    }
   ],
   "source": [
    "df.head()"
   ]
  },
  {
   "cell_type": "code",
   "execution_count": 4,
   "id": "a88d1b42",
   "metadata": {},
   "outputs": [
    {
     "data": {
      "text/plain": [
       "(1048575, 21)"
      ]
     },
     "execution_count": 4,
     "metadata": {},
     "output_type": "execute_result"
    }
   ],
   "source": [
    "df.shape"
   ]
  },
  {
   "cell_type": "code",
   "execution_count": 5,
   "id": "11fbe9b4",
   "metadata": {},
   "outputs": [
    {
     "name": "stdout",
     "output_type": "stream",
     "text": [
      "<class 'pandas.core.frame.DataFrame'>\n",
      "RangeIndex: 1048575 entries, 0 to 1048574\n",
      "Data columns (total 21 columns):\n",
      " #   Column                Non-Null Count    Dtype \n",
      "---  ------                --------------    ----- \n",
      " 0   USMER                 1048575 non-null  int64 \n",
      " 1   MEDICAL_UNIT          1048575 non-null  int64 \n",
      " 2   SEX                   1048575 non-null  int64 \n",
      " 3   PATIENT_TYPE          1048575 non-null  int64 \n",
      " 4   DATE_DIED             1048575 non-null  object\n",
      " 5   INTUBED               1048575 non-null  int64 \n",
      " 6   PNEUMONIA             1048575 non-null  int64 \n",
      " 7   AGE                   1048575 non-null  int64 \n",
      " 8   PREGNANT              1048575 non-null  int64 \n",
      " 9   DIABETES              1048575 non-null  int64 \n",
      " 10  COPD                  1048575 non-null  int64 \n",
      " 11  ASTHMA                1048575 non-null  int64 \n",
      " 12  INMSUPR               1048575 non-null  int64 \n",
      " 13  HIPERTENSION          1048575 non-null  int64 \n",
      " 14  OTHER_DISEASE         1048575 non-null  int64 \n",
      " 15  CARDIOVASCULAR        1048575 non-null  int64 \n",
      " 16  OBESITY               1048575 non-null  int64 \n",
      " 17  RENAL_CHRONIC         1048575 non-null  int64 \n",
      " 18  TOBACCO               1048575 non-null  int64 \n",
      " 19  CLASIFFICATION_FINAL  1048575 non-null  int64 \n",
      " 20  ICU                   1048575 non-null  int64 \n",
      "dtypes: int64(20), object(1)\n",
      "memory usage: 168.0+ MB\n"
     ]
    }
   ],
   "source": [
    "df.info()"
   ]
  },
  {
   "cell_type": "code",
   "execution_count": 7,
   "id": "210721ea",
   "metadata": {},
   "outputs": [
    {
     "data": {
      "text/html": [
       "<div>\n",
       "<style scoped>\n",
       "    .dataframe tbody tr th:only-of-type {\n",
       "        vertical-align: middle;\n",
       "    }\n",
       "\n",
       "    .dataframe tbody tr th {\n",
       "        vertical-align: top;\n",
       "    }\n",
       "\n",
       "    .dataframe thead th {\n",
       "        text-align: right;\n",
       "    }\n",
       "</style>\n",
       "<table border=\"1\" class=\"dataframe\">\n",
       "  <thead>\n",
       "    <tr style=\"text-align: right;\">\n",
       "      <th></th>\n",
       "      <th>USMER</th>\n",
       "      <th>MEDICAL_UNIT</th>\n",
       "      <th>SEX</th>\n",
       "      <th>PATIENT_TYPE</th>\n",
       "      <th>INTUBED</th>\n",
       "      <th>PNEUMONIA</th>\n",
       "      <th>AGE</th>\n",
       "      <th>PREGNANT</th>\n",
       "      <th>DIABETES</th>\n",
       "      <th>COPD</th>\n",
       "      <th>ASTHMA</th>\n",
       "      <th>INMSUPR</th>\n",
       "      <th>HIPERTENSION</th>\n",
       "      <th>OTHER_DISEASE</th>\n",
       "      <th>CARDIOVASCULAR</th>\n",
       "      <th>OBESITY</th>\n",
       "      <th>RENAL_CHRONIC</th>\n",
       "      <th>TOBACCO</th>\n",
       "      <th>CLASIFFICATION_FINAL</th>\n",
       "      <th>ICU</th>\n",
       "    </tr>\n",
       "  </thead>\n",
       "  <tbody>\n",
       "    <tr>\n",
       "      <th>USMER</th>\n",
       "      <td>1.000000</td>\n",
       "      <td>0.127927</td>\n",
       "      <td>-0.001126</td>\n",
       "      <td>-0.190570</td>\n",
       "      <td>0.175457</td>\n",
       "      <td>-0.154950</td>\n",
       "      <td>-0.045088</td>\n",
       "      <td>-0.001469</td>\n",
       "      <td>0.014704</td>\n",
       "      <td>0.011030</td>\n",
       "      <td>0.010814</td>\n",
       "      <td>0.003234</td>\n",
       "      <td>0.014830</td>\n",
       "      <td>-0.015763</td>\n",
       "      <td>0.010097</td>\n",
       "      <td>0.014567</td>\n",
       "      <td>0.011527</td>\n",
       "      <td>0.010638</td>\n",
       "      <td>0.028840</td>\n",
       "      <td>0.174901</td>\n",
       "    </tr>\n",
       "    <tr>\n",
       "      <th>MEDICAL_UNIT</th>\n",
       "      <td>0.127927</td>\n",
       "      <td>1.000000</td>\n",
       "      <td>0.001475</td>\n",
       "      <td>-0.205413</td>\n",
       "      <td>0.205243</td>\n",
       "      <td>-0.046433</td>\n",
       "      <td>-0.082223</td>\n",
       "      <td>0.005300</td>\n",
       "      <td>0.019523</td>\n",
       "      <td>0.014209</td>\n",
       "      <td>0.013312</td>\n",
       "      <td>0.011785</td>\n",
       "      <td>0.020964</td>\n",
       "      <td>0.027453</td>\n",
       "      <td>0.014406</td>\n",
       "      <td>0.019577</td>\n",
       "      <td>0.014751</td>\n",
       "      <td>0.012282</td>\n",
       "      <td>0.079981</td>\n",
       "      <td>0.205141</td>\n",
       "    </tr>\n",
       "    <tr>\n",
       "      <th>SEX</th>\n",
       "      <td>-0.001126</td>\n",
       "      <td>0.001475</td>\n",
       "      <td>1.000000</td>\n",
       "      <td>0.089505</td>\n",
       "      <td>-0.089943</td>\n",
       "      <td>-0.012131</td>\n",
       "      <td>0.028367</td>\n",
       "      <td>0.992713</td>\n",
       "      <td>0.008888</td>\n",
       "      <td>0.009372</td>\n",
       "      <td>0.010415</td>\n",
       "      <td>0.007999</td>\n",
       "      <td>0.009257</td>\n",
       "      <td>0.009039</td>\n",
       "      <td>0.008174</td>\n",
       "      <td>0.009858</td>\n",
       "      <td>0.008249</td>\n",
       "      <td>0.004919</td>\n",
       "      <td>-0.057782</td>\n",
       "      <td>-0.089844</td>\n",
       "    </tr>\n",
       "    <tr>\n",
       "      <th>PATIENT_TYPE</th>\n",
       "      <td>-0.190570</td>\n",
       "      <td>-0.205413</td>\n",
       "      <td>0.089505</td>\n",
       "      <td>1.000000</td>\n",
       "      <td>-0.976335</td>\n",
       "      <td>0.022966</td>\n",
       "      <td>0.315193</td>\n",
       "      <td>0.088340</td>\n",
       "      <td>0.008743</td>\n",
       "      <td>0.019548</td>\n",
       "      <td>0.023042</td>\n",
       "      <td>0.024924</td>\n",
       "      <td>0.006852</td>\n",
       "      <td>0.036724</td>\n",
       "      <td>0.022175</td>\n",
       "      <td>0.019650</td>\n",
       "      <td>0.018873</td>\n",
       "      <td>0.022123</td>\n",
       "      <td>-0.183370</td>\n",
       "      <td>-0.975810</td>\n",
       "    </tr>\n",
       "    <tr>\n",
       "      <th>INTUBED</th>\n",
       "      <td>0.175457</td>\n",
       "      <td>0.205243</td>\n",
       "      <td>-0.089943</td>\n",
       "      <td>-0.976335</td>\n",
       "      <td>1.000000</td>\n",
       "      <td>0.079743</td>\n",
       "      <td>-0.317945</td>\n",
       "      <td>-0.088097</td>\n",
       "      <td>-0.009215</td>\n",
       "      <td>-0.020124</td>\n",
       "      <td>-0.023446</td>\n",
       "      <td>-0.024140</td>\n",
       "      <td>-0.007628</td>\n",
       "      <td>-0.035404</td>\n",
       "      <td>-0.022442</td>\n",
       "      <td>-0.020217</td>\n",
       "      <td>-0.019309</td>\n",
       "      <td>-0.022428</td>\n",
       "      <td>0.193075</td>\n",
       "      <td>0.999434</td>\n",
       "    </tr>\n",
       "    <tr>\n",
       "      <th>PNEUMONIA</th>\n",
       "      <td>-0.154950</td>\n",
       "      <td>-0.046433</td>\n",
       "      <td>-0.012131</td>\n",
       "      <td>0.022966</td>\n",
       "      <td>0.079743</td>\n",
       "      <td>1.000000</td>\n",
       "      <td>-0.073127</td>\n",
       "      <td>-0.007284</td>\n",
       "      <td>-0.004484</td>\n",
       "      <td>-0.005618</td>\n",
       "      <td>-0.005392</td>\n",
       "      <td>-0.000802</td>\n",
       "      <td>-0.004799</td>\n",
       "      <td>0.001612</td>\n",
       "      <td>-0.004758</td>\n",
       "      <td>-0.004276</td>\n",
       "      <td>-0.005287</td>\n",
       "      <td>-0.004325</td>\n",
       "      <td>0.075351</td>\n",
       "      <td>0.079691</td>\n",
       "    </tr>\n",
       "    <tr>\n",
       "      <th>AGE</th>\n",
       "      <td>-0.045088</td>\n",
       "      <td>-0.082223</td>\n",
       "      <td>0.028367</td>\n",
       "      <td>0.315193</td>\n",
       "      <td>-0.317945</td>\n",
       "      <td>-0.073127</td>\n",
       "      <td>1.000000</td>\n",
       "      <td>0.027257</td>\n",
       "      <td>0.004422</td>\n",
       "      <td>0.019048</td>\n",
       "      <td>0.022715</td>\n",
       "      <td>0.022820</td>\n",
       "      <td>-0.004964</td>\n",
       "      <td>0.022837</td>\n",
       "      <td>0.019489</td>\n",
       "      <td>0.015500</td>\n",
       "      <td>0.020124</td>\n",
       "      <td>0.021263</td>\n",
       "      <td>-0.152637</td>\n",
       "      <td>-0.317813</td>\n",
       "    </tr>\n",
       "    <tr>\n",
       "      <th>PREGNANT</th>\n",
       "      <td>-0.001469</td>\n",
       "      <td>0.005300</td>\n",
       "      <td>0.992713</td>\n",
       "      <td>0.088340</td>\n",
       "      <td>-0.088097</td>\n",
       "      <td>-0.007284</td>\n",
       "      <td>0.027257</td>\n",
       "      <td>1.000000</td>\n",
       "      <td>0.014707</td>\n",
       "      <td>0.015736</td>\n",
       "      <td>0.016765</td>\n",
       "      <td>0.014265</td>\n",
       "      <td>0.015335</td>\n",
       "      <td>0.014175</td>\n",
       "      <td>0.014378</td>\n",
       "      <td>0.015895</td>\n",
       "      <td>0.014392</td>\n",
       "      <td>0.010794</td>\n",
       "      <td>-0.057809</td>\n",
       "      <td>-0.087991</td>\n",
       "    </tr>\n",
       "    <tr>\n",
       "      <th>DIABETES</th>\n",
       "      <td>0.014704</td>\n",
       "      <td>0.019523</td>\n",
       "      <td>0.008888</td>\n",
       "      <td>0.008743</td>\n",
       "      <td>-0.009215</td>\n",
       "      <td>-0.004484</td>\n",
       "      <td>0.004422</td>\n",
       "      <td>0.014707</td>\n",
       "      <td>1.000000</td>\n",
       "      <td>0.828823</td>\n",
       "      <td>0.829349</td>\n",
       "      <td>0.781108</td>\n",
       "      <td>0.835018</td>\n",
       "      <td>0.634611</td>\n",
       "      <td>0.809417</td>\n",
       "      <td>0.752739</td>\n",
       "      <td>0.812657</td>\n",
       "      <td>0.771763</td>\n",
       "      <td>-0.004739</td>\n",
       "      <td>-0.009223</td>\n",
       "    </tr>\n",
       "    <tr>\n",
       "      <th>COPD</th>\n",
       "      <td>0.011030</td>\n",
       "      <td>0.014209</td>\n",
       "      <td>0.009372</td>\n",
       "      <td>0.019548</td>\n",
       "      <td>-0.020124</td>\n",
       "      <td>-0.005618</td>\n",
       "      <td>0.019048</td>\n",
       "      <td>0.015736</td>\n",
       "      <td>0.828823</td>\n",
       "      <td>1.000000</td>\n",
       "      <td>0.908929</td>\n",
       "      <td>0.852273</td>\n",
       "      <td>0.855249</td>\n",
       "      <td>0.687323</td>\n",
       "      <td>0.880097</td>\n",
       "      <td>0.814868</td>\n",
       "      <td>0.884032</td>\n",
       "      <td>0.836097</td>\n",
       "      <td>-0.010336</td>\n",
       "      <td>-0.020146</td>\n",
       "    </tr>\n",
       "    <tr>\n",
       "      <th>ASTHMA</th>\n",
       "      <td>0.010814</td>\n",
       "      <td>0.013312</td>\n",
       "      <td>0.010415</td>\n",
       "      <td>0.023042</td>\n",
       "      <td>-0.023446</td>\n",
       "      <td>-0.005392</td>\n",
       "      <td>0.022715</td>\n",
       "      <td>0.016765</td>\n",
       "      <td>0.829349</td>\n",
       "      <td>0.908929</td>\n",
       "      <td>1.000000</td>\n",
       "      <td>0.868917</td>\n",
       "      <td>0.864264</td>\n",
       "      <td>0.696709</td>\n",
       "      <td>0.891026</td>\n",
       "      <td>0.824631</td>\n",
       "      <td>0.895050</td>\n",
       "      <td>0.845067</td>\n",
       "      <td>-0.011178</td>\n",
       "      <td>-0.023415</td>\n",
       "    </tr>\n",
       "    <tr>\n",
       "      <th>INMSUPR</th>\n",
       "      <td>0.003234</td>\n",
       "      <td>0.011785</td>\n",
       "      <td>0.007999</td>\n",
       "      <td>0.024924</td>\n",
       "      <td>-0.024140</td>\n",
       "      <td>-0.000802</td>\n",
       "      <td>0.022820</td>\n",
       "      <td>0.014265</td>\n",
       "      <td>0.781108</td>\n",
       "      <td>0.852273</td>\n",
       "      <td>0.868917</td>\n",
       "      <td>1.000000</td>\n",
       "      <td>0.825158</td>\n",
       "      <td>0.734826</td>\n",
       "      <td>0.853365</td>\n",
       "      <td>0.783953</td>\n",
       "      <td>0.852755</td>\n",
       "      <td>0.806749</td>\n",
       "      <td>-0.009412</td>\n",
       "      <td>-0.024077</td>\n",
       "    </tr>\n",
       "    <tr>\n",
       "      <th>HIPERTENSION</th>\n",
       "      <td>0.014830</td>\n",
       "      <td>0.020964</td>\n",
       "      <td>0.009257</td>\n",
       "      <td>0.006852</td>\n",
       "      <td>-0.007628</td>\n",
       "      <td>-0.004799</td>\n",
       "      <td>-0.004964</td>\n",
       "      <td>0.015335</td>\n",
       "      <td>0.835018</td>\n",
       "      <td>0.855249</td>\n",
       "      <td>0.864264</td>\n",
       "      <td>0.825158</td>\n",
       "      <td>1.000000</td>\n",
       "      <td>0.671532</td>\n",
       "      <td>0.861063</td>\n",
       "      <td>0.805127</td>\n",
       "      <td>0.860477</td>\n",
       "      <td>0.816539</td>\n",
       "      <td>-0.006020</td>\n",
       "      <td>-0.007573</td>\n",
       "    </tr>\n",
       "    <tr>\n",
       "      <th>OTHER_DISEASE</th>\n",
       "      <td>-0.015763</td>\n",
       "      <td>0.027453</td>\n",
       "      <td>0.009039</td>\n",
       "      <td>0.036724</td>\n",
       "      <td>-0.035404</td>\n",
       "      <td>0.001612</td>\n",
       "      <td>0.022837</td>\n",
       "      <td>0.014175</td>\n",
       "      <td>0.634611</td>\n",
       "      <td>0.687323</td>\n",
       "      <td>0.696709</td>\n",
       "      <td>0.734826</td>\n",
       "      <td>0.671532</td>\n",
       "      <td>1.000000</td>\n",
       "      <td>0.717129</td>\n",
       "      <td>0.649809</td>\n",
       "      <td>0.704725</td>\n",
       "      <td>0.668621</td>\n",
       "      <td>-0.011143</td>\n",
       "      <td>-0.035330</td>\n",
       "    </tr>\n",
       "    <tr>\n",
       "      <th>CARDIOVASCULAR</th>\n",
       "      <td>0.010097</td>\n",
       "      <td>0.014406</td>\n",
       "      <td>0.008174</td>\n",
       "      <td>0.022175</td>\n",
       "      <td>-0.022442</td>\n",
       "      <td>-0.004758</td>\n",
       "      <td>0.019489</td>\n",
       "      <td>0.014378</td>\n",
       "      <td>0.809417</td>\n",
       "      <td>0.880097</td>\n",
       "      <td>0.891026</td>\n",
       "      <td>0.853365</td>\n",
       "      <td>0.861063</td>\n",
       "      <td>0.717129</td>\n",
       "      <td>1.000000</td>\n",
       "      <td>0.834389</td>\n",
       "      <td>0.913248</td>\n",
       "      <td>0.858102</td>\n",
       "      <td>-0.012143</td>\n",
       "      <td>-0.022413</td>\n",
       "    </tr>\n",
       "    <tr>\n",
       "      <th>OBESITY</th>\n",
       "      <td>0.014567</td>\n",
       "      <td>0.019577</td>\n",
       "      <td>0.009858</td>\n",
       "      <td>0.019650</td>\n",
       "      <td>-0.020217</td>\n",
       "      <td>-0.004276</td>\n",
       "      <td>0.015500</td>\n",
       "      <td>0.015895</td>\n",
       "      <td>0.752739</td>\n",
       "      <td>0.814868</td>\n",
       "      <td>0.824631</td>\n",
       "      <td>0.783953</td>\n",
       "      <td>0.805127</td>\n",
       "      <td>0.649809</td>\n",
       "      <td>0.834389</td>\n",
       "      <td>1.000000</td>\n",
       "      <td>0.842466</td>\n",
       "      <td>0.801834</td>\n",
       "      <td>-0.006924</td>\n",
       "      <td>-0.020254</td>\n",
       "    </tr>\n",
       "    <tr>\n",
       "      <th>RENAL_CHRONIC</th>\n",
       "      <td>0.011527</td>\n",
       "      <td>0.014751</td>\n",
       "      <td>0.008249</td>\n",
       "      <td>0.018873</td>\n",
       "      <td>-0.019309</td>\n",
       "      <td>-0.005287</td>\n",
       "      <td>0.020124</td>\n",
       "      <td>0.014392</td>\n",
       "      <td>0.812657</td>\n",
       "      <td>0.884032</td>\n",
       "      <td>0.895050</td>\n",
       "      <td>0.852755</td>\n",
       "      <td>0.860477</td>\n",
       "      <td>0.704725</td>\n",
       "      <td>0.913248</td>\n",
       "      <td>0.842466</td>\n",
       "      <td>1.000000</td>\n",
       "      <td>0.868761</td>\n",
       "      <td>-0.011342</td>\n",
       "      <td>-0.019285</td>\n",
       "    </tr>\n",
       "    <tr>\n",
       "      <th>TOBACCO</th>\n",
       "      <td>0.010638</td>\n",
       "      <td>0.012282</td>\n",
       "      <td>0.004919</td>\n",
       "      <td>0.022123</td>\n",
       "      <td>-0.022428</td>\n",
       "      <td>-0.004325</td>\n",
       "      <td>0.021263</td>\n",
       "      <td>0.010794</td>\n",
       "      <td>0.771763</td>\n",
       "      <td>0.836097</td>\n",
       "      <td>0.845067</td>\n",
       "      <td>0.806749</td>\n",
       "      <td>0.816539</td>\n",
       "      <td>0.668621</td>\n",
       "      <td>0.858102</td>\n",
       "      <td>0.801834</td>\n",
       "      <td>0.868761</td>\n",
       "      <td>1.000000</td>\n",
       "      <td>-0.012567</td>\n",
       "      <td>-0.022445</td>\n",
       "    </tr>\n",
       "    <tr>\n",
       "      <th>CLASIFFICATION_FINAL</th>\n",
       "      <td>0.028840</td>\n",
       "      <td>0.079981</td>\n",
       "      <td>-0.057782</td>\n",
       "      <td>-0.183370</td>\n",
       "      <td>0.193075</td>\n",
       "      <td>0.075351</td>\n",
       "      <td>-0.152637</td>\n",
       "      <td>-0.057809</td>\n",
       "      <td>-0.004739</td>\n",
       "      <td>-0.010336</td>\n",
       "      <td>-0.011178</td>\n",
       "      <td>-0.009412</td>\n",
       "      <td>-0.006020</td>\n",
       "      <td>-0.011143</td>\n",
       "      <td>-0.012143</td>\n",
       "      <td>-0.006924</td>\n",
       "      <td>-0.011342</td>\n",
       "      <td>-0.012567</td>\n",
       "      <td>1.000000</td>\n",
       "      <td>0.193163</td>\n",
       "    </tr>\n",
       "    <tr>\n",
       "      <th>ICU</th>\n",
       "      <td>0.174901</td>\n",
       "      <td>0.205141</td>\n",
       "      <td>-0.089844</td>\n",
       "      <td>-0.975810</td>\n",
       "      <td>0.999434</td>\n",
       "      <td>0.079691</td>\n",
       "      <td>-0.317813</td>\n",
       "      <td>-0.087991</td>\n",
       "      <td>-0.009223</td>\n",
       "      <td>-0.020146</td>\n",
       "      <td>-0.023415</td>\n",
       "      <td>-0.024077</td>\n",
       "      <td>-0.007573</td>\n",
       "      <td>-0.035330</td>\n",
       "      <td>-0.022413</td>\n",
       "      <td>-0.020254</td>\n",
       "      <td>-0.019285</td>\n",
       "      <td>-0.022445</td>\n",
       "      <td>0.193163</td>\n",
       "      <td>1.000000</td>\n",
       "    </tr>\n",
       "  </tbody>\n",
       "</table>\n",
       "</div>"
      ],
      "text/plain": [
       "                         USMER  MEDICAL_UNIT       SEX  PATIENT_TYPE  \\\n",
       "USMER                 1.000000      0.127927 -0.001126     -0.190570   \n",
       "MEDICAL_UNIT          0.127927      1.000000  0.001475     -0.205413   \n",
       "SEX                  -0.001126      0.001475  1.000000      0.089505   \n",
       "PATIENT_TYPE         -0.190570     -0.205413  0.089505      1.000000   \n",
       "INTUBED               0.175457      0.205243 -0.089943     -0.976335   \n",
       "PNEUMONIA            -0.154950     -0.046433 -0.012131      0.022966   \n",
       "AGE                  -0.045088     -0.082223  0.028367      0.315193   \n",
       "PREGNANT             -0.001469      0.005300  0.992713      0.088340   \n",
       "DIABETES              0.014704      0.019523  0.008888      0.008743   \n",
       "COPD                  0.011030      0.014209  0.009372      0.019548   \n",
       "ASTHMA                0.010814      0.013312  0.010415      0.023042   \n",
       "INMSUPR               0.003234      0.011785  0.007999      0.024924   \n",
       "HIPERTENSION          0.014830      0.020964  0.009257      0.006852   \n",
       "OTHER_DISEASE        -0.015763      0.027453  0.009039      0.036724   \n",
       "CARDIOVASCULAR        0.010097      0.014406  0.008174      0.022175   \n",
       "OBESITY               0.014567      0.019577  0.009858      0.019650   \n",
       "RENAL_CHRONIC         0.011527      0.014751  0.008249      0.018873   \n",
       "TOBACCO               0.010638      0.012282  0.004919      0.022123   \n",
       "CLASIFFICATION_FINAL  0.028840      0.079981 -0.057782     -0.183370   \n",
       "ICU                   0.174901      0.205141 -0.089844     -0.975810   \n",
       "\n",
       "                       INTUBED  PNEUMONIA       AGE  PREGNANT  DIABETES  \\\n",
       "USMER                 0.175457  -0.154950 -0.045088 -0.001469  0.014704   \n",
       "MEDICAL_UNIT          0.205243  -0.046433 -0.082223  0.005300  0.019523   \n",
       "SEX                  -0.089943  -0.012131  0.028367  0.992713  0.008888   \n",
       "PATIENT_TYPE         -0.976335   0.022966  0.315193  0.088340  0.008743   \n",
       "INTUBED               1.000000   0.079743 -0.317945 -0.088097 -0.009215   \n",
       "PNEUMONIA             0.079743   1.000000 -0.073127 -0.007284 -0.004484   \n",
       "AGE                  -0.317945  -0.073127  1.000000  0.027257  0.004422   \n",
       "PREGNANT             -0.088097  -0.007284  0.027257  1.000000  0.014707   \n",
       "DIABETES             -0.009215  -0.004484  0.004422  0.014707  1.000000   \n",
       "COPD                 -0.020124  -0.005618  0.019048  0.015736  0.828823   \n",
       "ASTHMA               -0.023446  -0.005392  0.022715  0.016765  0.829349   \n",
       "INMSUPR              -0.024140  -0.000802  0.022820  0.014265  0.781108   \n",
       "HIPERTENSION         -0.007628  -0.004799 -0.004964  0.015335  0.835018   \n",
       "OTHER_DISEASE        -0.035404   0.001612  0.022837  0.014175  0.634611   \n",
       "CARDIOVASCULAR       -0.022442  -0.004758  0.019489  0.014378  0.809417   \n",
       "OBESITY              -0.020217  -0.004276  0.015500  0.015895  0.752739   \n",
       "RENAL_CHRONIC        -0.019309  -0.005287  0.020124  0.014392  0.812657   \n",
       "TOBACCO              -0.022428  -0.004325  0.021263  0.010794  0.771763   \n",
       "CLASIFFICATION_FINAL  0.193075   0.075351 -0.152637 -0.057809 -0.004739   \n",
       "ICU                   0.999434   0.079691 -0.317813 -0.087991 -0.009223   \n",
       "\n",
       "                          COPD    ASTHMA   INMSUPR  HIPERTENSION  \\\n",
       "USMER                 0.011030  0.010814  0.003234      0.014830   \n",
       "MEDICAL_UNIT          0.014209  0.013312  0.011785      0.020964   \n",
       "SEX                   0.009372  0.010415  0.007999      0.009257   \n",
       "PATIENT_TYPE          0.019548  0.023042  0.024924      0.006852   \n",
       "INTUBED              -0.020124 -0.023446 -0.024140     -0.007628   \n",
       "PNEUMONIA            -0.005618 -0.005392 -0.000802     -0.004799   \n",
       "AGE                   0.019048  0.022715  0.022820     -0.004964   \n",
       "PREGNANT              0.015736  0.016765  0.014265      0.015335   \n",
       "DIABETES              0.828823  0.829349  0.781108      0.835018   \n",
       "COPD                  1.000000  0.908929  0.852273      0.855249   \n",
       "ASTHMA                0.908929  1.000000  0.868917      0.864264   \n",
       "INMSUPR               0.852273  0.868917  1.000000      0.825158   \n",
       "HIPERTENSION          0.855249  0.864264  0.825158      1.000000   \n",
       "OTHER_DISEASE         0.687323  0.696709  0.734826      0.671532   \n",
       "CARDIOVASCULAR        0.880097  0.891026  0.853365      0.861063   \n",
       "OBESITY               0.814868  0.824631  0.783953      0.805127   \n",
       "RENAL_CHRONIC         0.884032  0.895050  0.852755      0.860477   \n",
       "TOBACCO               0.836097  0.845067  0.806749      0.816539   \n",
       "CLASIFFICATION_FINAL -0.010336 -0.011178 -0.009412     -0.006020   \n",
       "ICU                  -0.020146 -0.023415 -0.024077     -0.007573   \n",
       "\n",
       "                      OTHER_DISEASE  CARDIOVASCULAR   OBESITY  RENAL_CHRONIC  \\\n",
       "USMER                     -0.015763        0.010097  0.014567       0.011527   \n",
       "MEDICAL_UNIT               0.027453        0.014406  0.019577       0.014751   \n",
       "SEX                        0.009039        0.008174  0.009858       0.008249   \n",
       "PATIENT_TYPE               0.036724        0.022175  0.019650       0.018873   \n",
       "INTUBED                   -0.035404       -0.022442 -0.020217      -0.019309   \n",
       "PNEUMONIA                  0.001612       -0.004758 -0.004276      -0.005287   \n",
       "AGE                        0.022837        0.019489  0.015500       0.020124   \n",
       "PREGNANT                   0.014175        0.014378  0.015895       0.014392   \n",
       "DIABETES                   0.634611        0.809417  0.752739       0.812657   \n",
       "COPD                       0.687323        0.880097  0.814868       0.884032   \n",
       "ASTHMA                     0.696709        0.891026  0.824631       0.895050   \n",
       "INMSUPR                    0.734826        0.853365  0.783953       0.852755   \n",
       "HIPERTENSION               0.671532        0.861063  0.805127       0.860477   \n",
       "OTHER_DISEASE              1.000000        0.717129  0.649809       0.704725   \n",
       "CARDIOVASCULAR             0.717129        1.000000  0.834389       0.913248   \n",
       "OBESITY                    0.649809        0.834389  1.000000       0.842466   \n",
       "RENAL_CHRONIC              0.704725        0.913248  0.842466       1.000000   \n",
       "TOBACCO                    0.668621        0.858102  0.801834       0.868761   \n",
       "CLASIFFICATION_FINAL      -0.011143       -0.012143 -0.006924      -0.011342   \n",
       "ICU                       -0.035330       -0.022413 -0.020254      -0.019285   \n",
       "\n",
       "                       TOBACCO  CLASIFFICATION_FINAL       ICU  \n",
       "USMER                 0.010638              0.028840  0.174901  \n",
       "MEDICAL_UNIT          0.012282              0.079981  0.205141  \n",
       "SEX                   0.004919             -0.057782 -0.089844  \n",
       "PATIENT_TYPE          0.022123             -0.183370 -0.975810  \n",
       "INTUBED              -0.022428              0.193075  0.999434  \n",
       "PNEUMONIA            -0.004325              0.075351  0.079691  \n",
       "AGE                   0.021263             -0.152637 -0.317813  \n",
       "PREGNANT              0.010794             -0.057809 -0.087991  \n",
       "DIABETES              0.771763             -0.004739 -0.009223  \n",
       "COPD                  0.836097             -0.010336 -0.020146  \n",
       "ASTHMA                0.845067             -0.011178 -0.023415  \n",
       "INMSUPR               0.806749             -0.009412 -0.024077  \n",
       "HIPERTENSION          0.816539             -0.006020 -0.007573  \n",
       "OTHER_DISEASE         0.668621             -0.011143 -0.035330  \n",
       "CARDIOVASCULAR        0.858102             -0.012143 -0.022413  \n",
       "OBESITY               0.801834             -0.006924 -0.020254  \n",
       "RENAL_CHRONIC         0.868761             -0.011342 -0.019285  \n",
       "TOBACCO               1.000000             -0.012567 -0.022445  \n",
       "CLASIFFICATION_FINAL -0.012567              1.000000  0.193163  \n",
       "ICU                  -0.022445              0.193163  1.000000  "
      ]
     },
     "execution_count": 7,
     "metadata": {},
     "output_type": "execute_result"
    }
   ],
   "source": [
    "df.corr()"
   ]
  },
  {
   "cell_type": "code",
   "execution_count": 8,
   "id": "02faebbd",
   "metadata": {
    "scrolled": true
   },
   "outputs": [
    {
     "data": {
      "text/plain": [
       "USMER                   0\n",
       "MEDICAL_UNIT            0\n",
       "SEX                     0\n",
       "PATIENT_TYPE            0\n",
       "DATE_DIED               0\n",
       "INTUBED                 0\n",
       "PNEUMONIA               0\n",
       "AGE                     0\n",
       "PREGNANT                0\n",
       "DIABETES                0\n",
       "COPD                    0\n",
       "ASTHMA                  0\n",
       "INMSUPR                 0\n",
       "HIPERTENSION            0\n",
       "OTHER_DISEASE           0\n",
       "CARDIOVASCULAR          0\n",
       "OBESITY                 0\n",
       "RENAL_CHRONIC           0\n",
       "TOBACCO                 0\n",
       "CLASIFFICATION_FINAL    0\n",
       "ICU                     0\n",
       "dtype: int64"
      ]
     },
     "execution_count": 8,
     "metadata": {},
     "output_type": "execute_result"
    }
   ],
   "source": [
    "df.isnull().sum()"
   ]
  },
  {
   "cell_type": "markdown",
   "id": "d3afab13",
   "metadata": {},
   "source": [
    "**Yukarda eksik veri olmadığını gösteriyor ama veri setindeki açıklamalarda 97, 98 ve 99'un boş veriler olduğunu belirtiyor, bundan dolayı  hangi sütunda varsa SİLİP DOLDURMAMIZ  gerekiyor. "
   ]
  },
  {
   "cell_type": "code",
   "execution_count": 9,
   "id": "bb20a9e7",
   "metadata": {},
   "outputs": [
    {
     "data": {
      "text/plain": [
       "2     892534\n",
       "1     140038\n",
       "99     16003\n",
       "Name: PNEUMONIA, dtype: int64"
      ]
     },
     "execution_count": 9,
     "metadata": {},
     "output_type": "execute_result"
    }
   ],
   "source": [
    "df[\"PNEUMONIA\"].value_counts() #HAVA KESESİ İLTİHABI"
   ]
  },
  {
   "cell_type": "code",
   "execution_count": 10,
   "id": "0b2880b1",
   "metadata": {},
   "outputs": [],
   "source": [
    "df[\"PNEUMONIA\"] = df[\"PNEUMONIA\"].replace(99, 2)"
   ]
  },
  {
   "cell_type": "code",
   "execution_count": 11,
   "id": "45178c8d",
   "metadata": {},
   "outputs": [],
   "source": [
    "df=df.drop(\"USMER\", axis=1) # çok bir etkisi yok"
   ]
  },
  {
   "cell_type": "code",
   "execution_count": 12,
   "id": "9f1bb045",
   "metadata": {},
   "outputs": [
    {
     "data": {
      "text/plain": [
       "2     960979\n",
       "1      84376\n",
       "98      3220\n",
       "Name: TOBACCO, dtype: int64"
      ]
     },
     "execution_count": 12,
     "metadata": {},
     "output_type": "execute_result"
    }
   ],
   "source": [
    "df[\"TOBACCO\"].value_counts()"
   ]
  },
  {
   "cell_type": "code",
   "execution_count": 13,
   "id": "357a0f94",
   "metadata": {},
   "outputs": [],
   "source": [
    "df[\"TOBACCO\"] = df[\"TOBACCO\"].replace(98, 2)"
   ]
  },
  {
   "cell_type": "code",
   "execution_count": 14,
   "id": "c964e4f6",
   "metadata": {},
   "outputs": [
    {
     "data": {
      "text/plain": [
       "1    848544\n",
